1 1 1 1 1 1 1 1 1 1 6 1 1 1 1 1 1 1 1 1
1 0 0 0 0 0 1 0 0 0 0 0 0 0 1 0 0 0 0 1
1 0 0 0 0 0 0 0 0 0 0 0 5 0 0 0 0 0 0 1
1 0 0 4 0 0 1 0 0 0 4 0 0 0 1 0 0 0 0 1
1 0 0 0 0 0 1 0 0 0 0 0 0 0 1 0 2 0 0 1
1 1 1 1 1 1 1 0 0 0 0 0 0 0 1 1 1 1 1 1
1 0 0 0 0 0 1 0 0 0 0 0 0 0 1 0 0 0 0 1
1 0 0 0 0 0 1 0 0 0 0 0 0 0 1 0 4 0 0 1
1 0 0 4 0 0 1 3 3 3 3 3 3 3 1 0 0 0 0 1
1 0 0 0 0 0 1 0 0 0 0 0 0 0 1 0 0 0 2 1
1 0 0 2 0 0 0 0 0 0 0 0 0 0 0 0 0 0 0 1
1 0 0 0 0 0 1 0 0 0 8 0 0 0 1 0 0 0 0 1
1 0 0 0 0 0 1 0 0 0 0 0 0 0 1 0 0 0 0 1
1 0 0 0 0 0 1 0 0 0 0 0 0 0 1 0 0 0 0 1
1 1 1 1 1 1 1 1 1 1 1 1 1 1 1 1 1 1 1 1


0 = piso
1 = pared
2 = bateria
3 = piso detector
4 = enemigo
5 = llave
6 = puerta
7 = puerta cerrada (colisión)
8 = posición inicial personaje

